1 - 1
2 * 4

x <- 2
x

3 -> y
y

x <- 3

x <- c(1, 2, 3)
x

x + 2
x * 2

y <- 4:6
y

x + y
x * y
x^y

# this is a comment
